M: 2
N: 5
Nun_Veiculos: 3
Capacidade_Total: 177
Demanda_Total: 108
Setup_Min: 1
Setup_Max: 9
Raio: 20
Circulos: 1
Tempo_Processamento_Min: 1
Tempo_Processamento_Max: 49
Demanda_Min: 10
Demanda_Max: 30
Priority_Factor: 0.2
Range_Factor_R: 0.8
U_factor: 2
ALpha: 0.2Replicao: 0
Tempos_Processamentos
0	0	1	0	
0	43	1	19	
0	24	1	46	
0	15	1	15	
0	2	1	34	
0	41	1	25	

Tempos_setup
M0
0	0	0	0	0	0	
0	0	3	2	5	3	
0	1	0	3	4	4	
0	2	1	0	3	5	
0	1	4	3	0	4	
0	6	7	6	5	0	
M1
0	0	0	0	0	0	
0	0	7	5	4	6	
0	5	0	5	4	2	
0	5	2	0	5	1	
0	6	3	1	0	2	
0	6	1	3	4	0	
Tamanho_Tarefas
0	24	27	15	16	26	
Data_Entrega
0	95	72	95	71	66	
Penalidade_Atraso
0	3	16	10	11	5	
Capacidade_Veiculo
45	54	78	
Custo_Fixo_Veiculo
450	540	780	
Coordenadas_Clientes
x	0	y	0
x	24	y	0
x	7	y	22
x	-19	y	14
x	-18	y	-13
x	5	y	-18
Tempo_Viagem
0	24	23	23	22	18	
24	0	27	45	43	26	
23	27	0	27	43	40	
23	45	27	0	27	40	
22	43	43	27	0	23	
18	26	40	40	23	0	
Custo_Viagem
V0
0	216	207	207	198	162	
216	0	243	405	387	234	
207	243	0	243	387	360	
207	405	243	0	243	360	
198	387	387	243	0	207	
162	234	360	360	207	0	
V1
0	259	248	248	237	194	
259	0	291	486	464	280	
248	291	0	291	464	432	
248	486	291	0	291	432	
237	464	464	291	0	248	
194	280	432	432	248	0	
V2
0	374	358	358	343	280	
374	0	421	702	670	405	
358	421	0	421	670	624	
358	702	421	0	421	624	
343	670	670	421	0	358	
280	405	624	624	358	0	
Velocidade_Veiculos
1	1	1	