M: 3
N: 5
Nun_Veiculos: 3
Capacidade_Total: 164
Demanda_Total: 96
Setup_Min: 1
Setup_Max: 9
Raio: 20
Circulos: 1
Tempo_Processamento_Min: 1
Tempo_Processamento_Max: 49
Demanda_Min: 10
Demanda_Max: 30
Priority_Factor: 0.2
Range_Factor_R: 0.8
U_factor: 2
ALpha: 0.2Replicao: 1
Tempos_Processamentos
0	0	1	0	2	0	
0	44	1	14	2	40	
0	23	1	46	2	45	
0	12	1	13	2	8	
0	6	1	15	2	31	
0	37	1	10	2	12	

Tempos_setup
M0
0	0	0	0	0	0	
0	0	5	7	5	5	
0	7	0	5	8	3	
0	5	5	0	4	1	
0	2	1	6	0	2	
0	4	4	6	9	0	
M1
0	0	0	0	0	0	
0	0	3	3	5	2	
0	4	0	3	5	6	
0	7	7	0	2	3	
0	5	5	2	0	1	
0	8	4	1	3	0	
M2
0	0	0	0	0	0	
0	0	3	6	7	9	
0	1	0	6	6	9	
0	1	1	0	5	7	
0	2	2	1	0	8	
0	2	1	6	6	0	
Tamanho_Tarefas
0	30	27	9	17	13	
Data_Entrega
0	53	56	57	58	48	
Penalidade_Atraso
0	14	11	15	15	10	
Capacidade_Veiculo
54	69	41	
Custo_Fixo_Veiculo
540	690	410	
Coordenadas_Clientes
x	0	y	0
x	15	y	0
x	7	y	21
x	-14	y	10
x	-19	y	-13
x	6	y	-20
Tempo_Viagem
0	15	22	17	23	20	
15	0	22	30	36	21	
22	22	0	23	42	41	
17	30	23	0	23	36	
23	36	42	23	0	25	
20	21	41	36	25	0	
Custo_Viagem
V0
0	162	237	183	248	216	
162	0	237	324	388	226	
237	237	0	248	453	442	
183	324	248	0	248	388	
248	388	453	248	0	270	
216	226	442	388	270	0	
V1
0	207	303	234	317	276	
207	0	303	414	496	289	
303	303	0	317	579	565	
234	414	317	0	317	496	
317	496	579	317	0	345	
276	289	565	496	345	0	
V2
0	123	180	139	188	164	
123	0	180	246	295	172	
180	180	0	188	344	336	
139	246	188	0	188	295	
188	295	344	188	0	205	
164	172	336	295	205	0	
Velocidade_Veiculos
1	1	1	