M: 3
N: 5
Nun_Veiculos: 4
Capacidade_Total: 153
Demanda_Total: 84
Setup_Min: 1
Setup_Max: 9
Raio: 20
Circulos: 1
Tempo_Processamento_Min: 1
Tempo_Processamento_Max: 49
Demanda_Min: 10
Demanda_Max: 30
Priority_Factor: 0.2
Range_Factor_R: 0.8
U_factor: 2
ALpha: 0.2Replicao: 2
Tempos_Processamentos
0	0	1	0	2	0	
0	6	1	19	2	45	
0	21	1	33	2	15	
0	16	1	42	2	39	
0	27	1	9	2	9	
0	40	1	39	2	21	

Tempos_setup
M0
0	0	0	0	0	0	
0	0	7	5	8	7	
0	1	0	4	7	1	
0	5	8	0	9	6	
0	5	4	8	0	5	
0	5	5	3	6	0	
M1
0	0	0	0	0	0	
0	0	5	4	3	5	
0	5	0	1	2	4	
0	4	4	0	1	6	
0	6	7	7	0	8	
0	4	7	5	6	0	
M2
0	0	0	0	0	0	
0	0	5	2	3	3	
0	5	0	4	3	7	
0	6	5	0	1	5	
0	5	4	7	0	8	
0	7	2	6	2	0	
Tamanho_Tarefas
0	8	20	20	15	21	
Data_Entrega
0	64	69	52	58	61	
Penalidade_Atraso
0	18	4	19	6	9	
Capacidade_Veiculo
54	29	42	28	
Custo_Fixo_Veiculo
540	290	420	280	
Coordenadas_Clientes
x	0	y	0
x	23	y	0
x	7	y	23
x	-18	y	13
x	-15	y	-11
x	6	y	-20
Tempo_Viagem
0	23	24	22	18	20	
23	0	28	43	39	26	
24	28	0	26	40	43	
22	43	26	0	24	40	
18	39	40	24	0	22	
20	26	43	40	22	0	
Custo_Viagem
V0
0	248	259	237	194	216	
248	0	302	464	421	280	
259	302	0	280	432	464	
237	464	280	0	259	432	
194	421	432	259	0	237	
216	280	464	432	237	0	
V1
0	133	139	127	104	116	
133	0	162	249	226	150	
139	162	0	150	232	249	
127	249	150	0	139	232	
104	226	232	139	0	127	
116	150	249	232	127	0	
V2
0	193	201	184	151	168	
193	0	235	361	327	218	
201	235	0	218	336	361	
184	361	218	0	201	336	
151	327	336	201	0	184	
168	218	361	336	184	0	
V3
0	128	134	123	100	112	
128	0	156	240	218	145	
134	156	0	145	224	240	
123	240	145	0	134	224	
100	218	224	134	0	123	
112	145	240	224	123	0	
Velocidade_Veiculos
1	1	1	1	