M: 3
N: 5
Nun_Veiculos: 2
Capacidade_Total: 151
Demanda_Total: 90
Setup_Min: 1
Setup_Max: 9
Raio: 20
Circulos: 1
Tempo_Processamento_Min: 1
Tempo_Processamento_Max: 49
Demanda_Min: 10
Demanda_Max: 30
Priority_Factor: 0.2
Range_Factor_R: 0.8
U_factor: 2
ALpha: 0.2Replicao: 3
Tempos_Processamentos
0	0	1	0	2	0	
0	23	1	33	2	15	
0	21	1	15	2	17	
0	17	1	49	2	46	
0	3	1	17	2	15	
0	34	1	13	2	18	

Tempos_setup
M0
0	0	0	0	0	0	
0	0	1	3	2	6	
0	1	0	4	3	7	
0	4	5	0	6	8	
0	1	2	3	0	5	
0	3	4	3	2	0	
M1
0	0	0	0	0	0	
0	0	3	5	3	1	
0	1	0	2	4	2	
0	2	3	0	3	3	
0	1	4	3	0	2	
0	3	2	4	2	0	
M2
0	0	0	0	0	0	
0	0	8	4	6	4	
0	1	0	4	2	2	
0	5	4	0	6	6	
0	8	8	4	0	8	
0	2	6	2	2	0	
Tamanho_Tarefas
0	16	15	37	7	15	
Data_Entrega
0	49	51	54	47	58	
Penalidade_Atraso
0	11	10	18	16	3	
Capacidade_Veiculo
110	41	
Custo_Fixo_Veiculo
1100	410	
Coordenadas_Clientes
x	0	y	0
x	16	y	0
x	5	y	17
x	-17	y	12
x	-16	y	-11
x	5	y	-17
Tempo_Viagem
0	16	17	20	19	17	
16	0	20	35	33	20	
17	20	0	22	35	34	
20	35	22	0	23	36	
19	33	35	23	0	21	
17	20	34	36	21	0	
Custo_Viagem
V0
0	352	374	440	418	374	
352	0	440	770	726	440	
374	440	0	484	770	748	
440	770	484	0	506	792	
418	726	770	506	0	462	
374	440	748	792	462	0	
V1
0	131	139	164	155	139	
131	0	164	287	270	164	
139	164	0	180	287	278	
164	287	180	0	188	295	
155	270	287	188	0	172	
139	164	278	295	172	0	
Velocidade_Veiculos
1	1	