M: 4
N: 5
Nun_Veiculos: 1
Capacidade_Total: 81
Demanda_Total: 54
Setup_Min: 1
Setup_Max: 9
Raio: 20
Circulos: 1
Tempo_Processamento_Min: 1
Tempo_Processamento_Max: 49
Demanda_Min: 10
Demanda_Max: 30
Priority_Factor: 0.2
Range_Factor_R: 0.8
U_factor: 2
ALpha: 0.2Replicao: 3
Tempos_Processamentos
0	0	1	0	2	0	3	0	
0	19	1	34	2	5	3	15	
0	1	1	44	2	31	3	8	
0	36	1	15	2	30	3	42	
0	29	1	30	2	33	3	3	
0	46	1	14	2	2	3	19	

Tempos_setup
M0
0	0	0	0	0	0	
0	0	1	4	6	3	
0	5	0	3	5	7	
0	2	2	0	2	5	
0	4	1	2	0	6	
0	4	5	8	7	0	
M1
0	0	0	0	0	0	
0	0	2	1	2	5	
0	4	0	5	5	9	
0	4	1	0	6	8	
0	3	1	2	0	7	
0	6	2	3	7	0	
M2
0	0	0	0	0	0	
0	0	1	4	6	7	
0	7	0	6	5	6	
0	5	6	0	3	8	
0	2	3	1	0	8	
0	4	5	2	5	0	
M3
0	0	0	0	0	0	
0	0	6	3	3	6	
0	5	0	6	7	9	
0	4	3	0	7	4	
0	5	3	4	0	8	
0	5	3	2	8	0	
Tamanho_Tarefas
0	7	2	29	5	11	
Data_Entrega
0	44	45	43	42	43	
Penalidade_Atraso
0	6	3	1	11	15	
Capacidade_Veiculo
81	
Custo_Fixo_Veiculo
810	
Coordenadas_Clientes
x	0	y	0
x	19	y	0
x	5	y	16
x	-20	y	14
x	-13	y	-9
x	6	y	-20
Tempo_Viagem
0	19	16	24	15	20	
19	0	21	41	33	23	
16	21	0	25	30	36	
24	41	25	0	24	42	
15	33	30	24	0	21	
20	23	36	42	21	0	
Custo_Viagem
V0
0	307	259	388	243	324	
307	0	340	664	534	372	
259	340	0	405	486	583	
388	664	405	0	388	680	
243	534	486	388	0	340	
324	372	583	680	340	0	
Velocidade_Veiculos
1	