M: 4
N: 5
Nun_Veiculos: 2
Capacidade_Total: 165
Demanda_Total: 91
Setup_Min: 1
Setup_Max: 9
Raio: 20
Circulos: 1
Tempo_Processamento_Min: 1
Tempo_Processamento_Max: 49
Demanda_Min: 10
Demanda_Max: 30
Priority_Factor: 0.2
Range_Factor_R: 0.8
U_factor: 2
ALpha: 0.2Replicao: 2
Tempos_Processamentos
0	0	1	0	2	0	3	0	
0	16	1	48	2	23	3	11	
0	49	1	27	2	43	3	27	
0	25	1	45	2	27	3	12	
0	20	1	47	2	3	3	36	
0	3	1	47	2	27	3	5	

Tempos_setup
M0
0	0	0	0	0	0	
0	0	1	4	5	5	
0	3	0	6	4	7	
0	2	3	0	1	1	
0	4	5	2	0	3	
0	1	2	5	6	0	
M1
0	0	0	0	0	0	
0	0	6	2	5	7	
0	4	0	3	6	6	
0	4	4	0	3	5	
0	1	3	1	0	2	
0	5	1	2	5	0	
M2
0	0	0	0	0	0	
0	0	3	2	2	4	
0	2	0	3	1	1	
0	3	3	0	4	4	
0	1	4	3	0	5	
0	6	5	4	5	0	
M3
0	0	0	0	0	0	
0	0	2	4	8	1	
0	3	0	2	9	4	
0	5	4	0	9	4	
0	1	3	5	0	2	
0	4	5	4	8	0	
Tamanho_Tarefas
0	11	30	14	19	17	
Data_Entrega
0	44	53	44	49	49	
Penalidade_Atraso
0	3	1	20	11	14	
Capacidade_Veiculo
84	81	
Custo_Fixo_Veiculo
840	810	
Coordenadas_Clientes
x	0	y	0
x	21	y	0
x	5	y	18
x	-14	y	10
x	-14	y	-10
x	5	y	-17
Tempo_Viagem
0	21	18	17	17	17	
21	0	24	36	36	23	
18	24	0	20	33	35	
17	36	20	0	20	33	
17	36	33	20	0	20	
17	23	35	33	20	0	
Custo_Viagem
V0
0	352	302	285	285	285	
352	0	403	604	604	386	
302	403	0	336	554	588	
285	604	336	0	336	554	
285	604	554	336	0	336	
285	386	588	554	336	0	
V1
0	340	291	275	275	275	
340	0	388	583	583	372	
291	388	0	324	534	567	
275	583	324	0	324	534	
275	583	534	324	0	324	
275	372	567	534	324	0	
Velocidade_Veiculos
1	1	