M: 4
N: 5
Nun_Veiculos: 4
Capacidade_Total: 168
Demanda_Total: 87
Setup_Min: 1
Setup_Max: 9
Raio: 20
Circulos: 1
Tempo_Processamento_Min: 1
Tempo_Processamento_Max: 49
Demanda_Min: 10
Demanda_Max: 30
Priority_Factor: 0.2
Range_Factor_R: 0.8
U_factor: 2
ALpha: 0.2Replicao: 1
Tempos_Processamentos
0	0	1	0	2	0	3	0	
0	49	1	24	2	40	3	36	
0	10	1	48	2	39	3	24	
0	28	1	16	2	41	3	35	
0	15	1	15	2	12	3	46	
0	31	1	36	2	5	3	2	

Tempos_setup
M0
0	0	0	0	0	0	
0	0	7	9	4	3	
0	3	0	7	4	6	
0	5	2	0	6	6	
0	3	5	9	0	4	
0	4	7	9	3	0	
M1
0	0	0	0	0	0	
0	0	6	6	5	2	
0	2	0	3	1	4	
0	4	2	0	3	5	
0	5	7	5	0	7	
0	6	4	4	3	0	
M2
0	0	0	0	0	0	
0	0	3	4	4	2	
0	8	0	2	7	5	
0	6	6	0	8	3	
0	1	3	3	0	1	
0	3	6	2	5	0	
M3
0	0	0	0	0	0	
0	0	7	4	5	5	
0	5	0	3	2	6	
0	2	8	0	6	3	
0	3	2	1	0	4	
0	1	8	1	6	0	
Tamanho_Tarefas
0	24	21	18	12	12	
Data_Entrega
0	55	43	48	50	43	
Penalidade_Atraso
0	17	18	16	5	12	
Capacidade_Veiculo
40	41	26	61	
Custo_Fixo_Veiculo
400	410	260	610	
Coordenadas_Clientes
x	0	y	0
x	15	y	0
x	4	y	14
x	-15	y	11
x	-16	y	-12
x	7	y	-23
Tempo_Viagem
0	15	14	18	20	24	
15	0	17	31	33	24	
14	17	0	19	32	37	
18	31	19	0	23	40	
20	33	32	23	0	25	
24	24	37	40	25	0	
Custo_Viagem
V0
0	120	112	144	160	192	
120	0	136	248	264	192	
112	136	0	152	256	296	
144	248	152	0	184	320	
160	264	256	184	0	200	
192	192	296	320	200	0	
V1
0	123	114	147	164	196	
123	0	139	254	270	196	
114	139	0	155	262	303	
147	254	155	0	188	328	
164	270	262	188	0	205	
196	196	303	328	205	0	
V2
0	78	72	93	104	124	
78	0	88	161	171	124	
72	88	0	98	166	192	
93	161	98	0	119	208	
104	171	166	119	0	130	
124	124	192	208	130	0	
V3
0	183	170	219	244	292	
183	0	207	378	402	292	
170	207	0	231	390	451	
219	378	231	0	280	488	
244	402	390	280	0	305	
292	292	451	488	305	0	
Velocidade_Veiculos
1	1	1	1	