M: 4
N: 5
Nun_Veiculos: 2
Capacidade_Total: 143
Demanda_Total: 91
Setup_Min: 1
Setup_Max: 9
Raio: 20
Circulos: 1
Tempo_Processamento_Min: 1
Tempo_Processamento_Max: 49
Demanda_Min: 10
Demanda_Max: 30
Priority_Factor: 0.2
Range_Factor_R: 0.8
U_factor: 2
ALpha: 0.2Replicao: 4
Tempos_Processamentos
0	0	1	0	2	0	3	0	
0	37	1	47	2	39	3	31	
0	6	1	35	2	35	3	32	
0	33	1	9	2	11	3	2	
0	45	1	6	2	5	3	4	
0	7	1	23	2	19	3	23	

Tempos_setup
M0
0	0	0	0	0	0	
0	0	2	1	3	5	
0	1	0	2	1	6	
0	4	3	0	3	4	
0	2	1	3	0	5	
0	9	9	6	8	0	
M1
0	0	0	0	0	0	
0	0	6	3	1	6	
0	1	0	4	2	3	
0	7	6	0	1	7	
0	6	5	4	0	6	
0	4	3	5	3	0	
M2
0	0	0	0	0	0	
0	0	8	9	5	5	
0	2	0	7	3	7	
0	5	5	0	8	2	
0	5	3	4	0	6	
0	3	8	7	6	0	
M3
0	0	0	0	0	0	
0	0	5	6	7	8	
0	8	0	6	6	5	
0	5	3	0	5	6	
0	6	3	6	0	8	
0	5	5	8	4	0	
Tamanho_Tarefas
0	33	25	6	13	14	
Data_Entrega
0	48	53	52	53	47	
Penalidade_Atraso
0	4	7	19	1	17	
Capacidade_Veiculo
65	78	
Custo_Fixo_Veiculo
650	780	
Coordenadas_Clientes
x	0	y	0
x	22	y	0
x	7	y	22
x	-19	y	14
x	-13	y	-10
x	7	y	-22
Tempo_Viagem
0	22	23	23	16	23	
22	0	26	43	36	26	
23	26	0	27	37	44	
23	43	27	0	24	44	
16	36	37	24	0	23	
23	26	44	44	23	0	
Custo_Viagem
V0
0	286	299	299	208	299	
286	0	338	559	468	338	
299	338	0	351	481	572	
299	559	351	0	312	572	
208	468	481	312	0	299	
299	338	572	572	299	0	
V1
0	343	358	358	249	358	
343	0	405	670	561	405	
358	405	0	421	577	686	
358	670	421	0	374	686	
249	561	577	374	0	358	
358	405	686	686	358	0	
Velocidade_Veiculos
1	1	