M: 5
N: 5
Nun_Veiculos: 4
Capacidade_Total: 149
Demanda_Total: 69
Setup_Min: 1
Setup_Max: 9
Raio: 20
Circulos: 1
Tempo_Processamento_Min: 1
Tempo_Processamento_Max: 49
Demanda_Min: 10
Demanda_Max: 30
Priority_Factor: 0.2
Range_Factor_R: 0.8
U_factor: 2
ALpha: 0.2Replicao: 4
Tempos_Processamentos
0	0	1	0	2	0	3	0	4	0	
0	34	1	1	2	20	3	8	4	46	
0	3	1	29	2	11	3	26	4	9	
0	32	1	12	2	34	3	20	4	11	
0	25	1	12	2	35	3	27	4	41	
0	17	1	40	2	23	3	45	4	6	

Tempos_setup
M0
0	0	0	0	0	0	
0	0	5	1	4	4	
0	8	0	4	6	3	
0	8	9	0	3	7	
0	9	9	4	0	8	
0	9	4	1	4	0	
M1
0	0	0	0	0	0	
0	0	4	2	4	3	
0	8	0	7	8	4	
0	6	2	0	3	2	
0	4	3	4	0	6	
0	4	3	6	5	0	
M2
0	0	0	0	0	0	
0	0	3	3	2	4	
0	6	0	5	5	4	
0	6	4	0	3	2	
0	6	1	5	0	2	
0	4	2	3	1	0	
M3
0	0	0	0	0	0	
0	0	7	3	4	5	
0	6	0	7	7	6	
0	5	6	0	8	7	
0	4	3	1	0	8	
0	8	3	7	8	0	
M4
0	0	0	0	0	0	
0	0	2	6	1	6	
0	5	0	6	6	9	
0	6	3	0	1	6	
0	5	7	6	0	5	
0	5	4	1	1	0	
Tamanho_Tarefas
0	18	5	20	19	7	
Data_Entrega
0	41	39	39	41	39	
Penalidade_Atraso
0	8	9	1	18	9	
Capacidade_Veiculo
40	31	22	56	
Custo_Fixo_Veiculo
400	310	220	560	
Coordenadas_Clientes
x	0	y	0
x	17	y	0
x	6	y	20
x	-15	y	11
x	-18	y	-13
x	4	y	-15
Tempo_Viagem
0	17	20	18	22	15	
17	0	22	33	37	19	
20	22	0	22	40	35	
18	33	22	0	24	32	
22	37	40	24	0	22	
15	19	35	32	22	0	
Custo_Viagem
V0
0	136	160	144	176	120	
136	0	176	264	296	152	
160	176	0	176	320	280	
144	264	176	0	192	256	
176	296	320	192	0	176	
120	152	280	256	176	0	
V1
0	105	124	111	136	93	
105	0	136	204	229	117	
124	136	0	136	248	217	
111	204	136	0	148	198	
136	229	248	148	0	136	
93	117	217	198	136	0	
V2
0	74	88	79	96	66	
74	0	96	145	162	83	
88	96	0	96	176	154	
79	145	96	0	105	140	
96	162	176	105	0	96	
66	83	154	140	96	0	
V3
0	190	224	201	246	168	
190	0	246	369	414	212	
224	246	0	246	448	392	
201	369	246	0	268	358	
246	414	448	268	0	246	
168	212	392	358	246	0	
Velocidade_Veiculos
1	1	1	1	