M: 5
N: 5
Nun_Veiculos: 2
Capacidade_Total: 218
Demanda_Total: 111
Setup_Min: 1
Setup_Max: 9
Raio: 20
Circulos: 1
Tempo_Processamento_Min: 1
Tempo_Processamento_Max: 49
Demanda_Min: 10
Demanda_Max: 30
Priority_Factor: 0.2
Range_Factor_R: 0.8
U_factor: 2
ALpha: 0.2Replicao: 0
Tempos_Processamentos
0	0	1	0	2	0	3	0	4	0	
0	31	1	1	2	16	3	34	4	39	
0	40	1	29	2	39	3	45	4	46	
0	9	1	31	2	46	3	30	4	38	
0	20	1	19	2	9	3	48	4	1	
0	17	1	39	2	19	3	42	4	30	

Tempos_setup
M0
0	0	0	0	0	0	
0	0	5	4	2	5	
0	5	0	1	2	4	
0	4	6	0	1	3	
0	3	5	2	0	5	
0	6	6	6	7	0	
M1
0	0	0	0	0	0	
0	0	3	3	3	6	
0	6	0	7	6	5	
0	4	4	0	1	4	
0	3	3	2	0	3	
0	1	4	4	2	0	
M2
0	0	0	0	0	0	
0	0	3	1	4	2	
0	4	0	5	1	3	
0	5	2	0	3	5	
0	4	7	5	0	6	
0	5	1	6	2	0	
M3
0	0	0	0	0	0	
0	0	8	8	4	3	
0	5	0	6	3	2	
0	2	4	0	6	5	
0	4	5	9	0	1	
0	3	6	8	1	0	
M4
0	0	0	0	0	0	
0	0	5	1	3	4	
0	8	0	5	2	2	
0	4	4	0	2	3	
0	6	3	3	0	2	
0	6	1	6	3	0	
Tamanho_Tarefas
0	19	38	9	19	26	
Data_Entrega
0	45	46	49	50	45	
Penalidade_Atraso
0	15	3	11	1	4	
Capacidade_Veiculo
113	105	
Custo_Fixo_Veiculo
1130	1050	
Coordenadas_Clientes
x	0	y	0
x	16	y	0
x	6	y	19
x	-17	y	12
x	-17	y	-13
x	5	y	-17
Tempo_Viagem
0	16	19	20	21	17	
16	0	21	35	35	20	
19	21	0	24	39	36	
20	35	24	0	25	36	
21	35	39	25	0	22	
17	20	36	36	22	0	
Custo_Viagem
V0
0	361	429	452	474	384	
361	0	474	791	791	452	
429	474	0	542	881	813	
452	791	542	0	565	813	
474	791	881	565	0	497	
384	452	813	813	497	0	
V1
0	336	399	420	441	357	
336	0	441	735	735	420	
399	441	0	504	819	756	
420	735	504	0	525	756	
441	735	819	525	0	462	
357	420	756	756	462	0	
Velocidade_Veiculos
1	1	