M: 5
N: 5
Nun_Veiculos: 2
Capacidade_Total: 137
Demanda_Total: 64
Setup_Min: 1
Setup_Max: 9
Raio: 20
Circulos: 1
Tempo_Processamento_Min: 1
Tempo_Processamento_Max: 49
Demanda_Min: 10
Demanda_Max: 30
Priority_Factor: 0.2
Range_Factor_R: 0.8
U_factor: 2
ALpha: 0.2Replicao: 1
Tempos_Processamentos
0	0	1	0	2	0	3	0	4	0	
0	47	1	44	2	25	3	11	4	1	
0	9	1	18	2	17	3	13	4	32	
0	49	1	33	2	29	3	41	4	1	
0	11	1	27	2	43	3	33	4	47	
0	10	1	3	2	19	3	30	4	34	

Tempos_setup
M0
0	0	0	0	0	0	
0	0	5	6	3	7	
0	5	0	6	3	7	
0	1	3	0	1	1	
0	4	4	3	0	4	
0	7	2	6	3	0	
M1
0	0	0	0	0	0	
0	0	4	5	6	3	
0	2	0	1	6	3	
0	1	1	0	7	4	
0	2	2	1	0	5	
0	3	1	2	7	0	
M2
0	0	0	0	0	0	
0	0	2	3	5	4	
0	5	0	1	3	4	
0	7	5	0	7	3	
0	6	3	4	0	3	
0	4	6	2	4	0	
M3
0	0	0	0	0	0	
0	0	5	1	4	5	
0	4	0	3	4	8	
0	4	4	0	3	5	
0	1	1	2	0	6	
0	4	8	5	7	0	
M4
0	0	0	0	0	0	
0	0	4	5	1	5	
0	5	0	6	6	3	
0	4	6	0	5	4	
0	4	3	4	0	6	
0	9	8	7	6	0	
Tamanho_Tarefas
0	4	11	27	12	10	
Data_Entrega
0	41	41	41	40	38	
Penalidade_Atraso
0	13	17	8	20	12	
Capacidade_Veiculo
59	78	
Custo_Fixo_Veiculo
590	780	
Coordenadas_Clientes
x	0	y	0
x	21	y	0
x	5	y	15
x	-13	y	9
x	-17	y	-12
x	6	y	-20
Tempo_Viagem
0	21	15	15	20	20	
21	0	21	35	39	25	
15	21	0	18	34	35	
15	35	18	0	21	34	
20	39	34	21	0	24	
20	25	35	34	24	0	
Custo_Viagem
V0
0	247	177	177	236	236	
247	0	247	413	460	295	
177	247	0	212	401	413	
177	413	212	0	247	401	
236	460	401	247	0	283	
236	295	413	401	283	0	
V1
0	327	234	234	312	312	
327	0	327	546	608	390	
234	327	0	280	530	546	
234	546	280	0	327	530	
312	608	530	327	0	374	
312	390	546	530	374	0	
Velocidade_Veiculos
1	1	