M: 5
N: 5
Nun_Veiculos: 3
Capacidade_Total: 226
Demanda_Total: 100
Setup_Min: 1
Setup_Max: 9
Raio: 20
Circulos: 1
Tempo_Processamento_Min: 1
Tempo_Processamento_Max: 49
Demanda_Min: 10
Demanda_Max: 30
Priority_Factor: 0.2
Range_Factor_R: 0.8
U_factor: 2
ALpha: 0.2Replicao: 2
Tempos_Processamentos
0	0	1	0	2	0	3	0	4	0	
0	31	1	18	2	31	3	28	4	37	
0	34	1	49	2	26	3	40	4	47	
0	14	1	30	2	25	3	3	4	37	
0	27	1	9	2	35	3	26	4	34	
0	49	1	7	2	12	3	4	4	48	

Tempos_setup
M0
0	0	0	0	0	0	
0	0	1	3	4	2	
0	5	0	7	5	7	
0	3	3	0	5	2	
0	8	5	5	0	4	
0	4	1	5	3	0	
M1
0	0	0	0	0	0	
0	0	2	1	7	3	
0	1	0	2	6	4	
0	2	1	0	7	5	
0	2	2	1	0	5	
0	2	1	3	7	0	
M2
0	0	0	0	0	0	
0	0	4	2	3	7	
0	5	0	5	4	3	
0	2	2	0	1	5	
0	1	3	1	0	6	
0	6	1	4	5	0	
M3
0	0	0	0	0	0	
0	0	7	4	7	7	
0	8	0	8	7	8	
0	1	4	0	3	6	
0	5	1	4	0	4	
0	5	6	5	5	0	
M4
0	0	0	0	0	0	
0	0	4	1	2	6	
0	7	0	6	4	3	
0	3	7	0	5	5	
0	3	4	4	0	7	
0	6	7	5	3	0	
Tamanho_Tarefas
0	25	37	20	11	7	
Data_Entrega
0	46	49	43	46	49	
Penalidade_Atraso
0	12	8	5	3	12	
Capacidade_Veiculo
41	81	104	
Custo_Fixo_Veiculo
410	810	1040	
Coordenadas_Clientes
x	0	y	0
x	19	y	0
x	5	y	17
x	-12	y	8
x	-18	y	-13
x	5	y	-16
Tempo_Viagem
0	19	17	14	22	16	
19	0	22	32	39	21	
17	22	0	19	37	33	
14	32	19	0	21	29	
22	39	37	21	0	23	
16	21	33	29	23	0	
Custo_Viagem
V0
0	155	139	114	180	131	
155	0	180	262	319	172	
139	180	0	155	303	270	
114	262	155	0	172	237	
180	319	303	172	0	188	
131	172	270	237	188	0	
V1
0	307	275	226	356	259	
307	0	356	518	631	340	
275	356	0	307	599	534	
226	518	307	0	340	469	
356	631	599	340	0	372	
259	340	534	469	372	0	
V2
0	395	353	291	457	332	
395	0	457	665	811	436	
353	457	0	395	769	686	
291	665	395	0	436	603	
457	811	769	436	0	478	
332	436	686	603	478	0	
Velocidade_Veiculos
1	1	1	