M: 3
N: 4
Nun_Veiculos: 2
Capacidade_Total: 146
Demanda_Total: 89
Setup_Min: 1
Setup_Max: 9
Raio: 20
Circulos: 1
Tempo_Processamento_Min: 1
Tempo_Processamento_Max: 49
Demanda_Min: 10
Demanda_Max: 30
Priority_Factor: 0.2
Range_Factor_R: 0.8
U_factor: 2
ALpha: 0.2Replicao: 1
Tempos_Processamentos
0	0	1	0	2	0	
0	48	1	22	2	21	
0	22	1	20	2	18	
0	20	1	34	2	43	
0	16	1	19	2	16	

Tempos_setup
M0
0	0	0	0	0	
0	0	2	4	2	
0	7	0	8	7	
0	2	2	0	1	
0	1	3	5	0	
M1
0	0	0	0	0	
0	0	8	3	2	
0	3	0	5	3	
0	5	7	0	7	
0	7	6	2	0	
M2
0	0	0	0	0	
0	0	5	5	1	
0	6	0	4	7	
0	9	7	0	8	
0	7	4	4	0	
Tamanho_Tarefas
0	26	20	27	16	
Data_Entrega
0	54	68	53	65	
Penalidade_Atraso
0	19	4	18	9	
Capacidade_Veiculo
65	81	
Custo_Fixo_Veiculo
650	810	
Coordenadas_Clientes
x	0	y	0
x	20	y	0
x	0	y	15
x	-17	y	0
x	0	y	-17
Tempo_Viagem
0	20	15	17	17	
20	0	25	37	26	
15	25	0	22	32	
17	37	22	0	24	
17	26	32	24	0	
Custo_Viagem
V0
0	260	195	221	221	
260	0	325	481	338	
195	325	0	286	416	
221	481	286	0	312	
221	338	416	312	0	
V1
0	324	243	275	275	
324	0	405	599	421	
243	405	0	356	518	
275	599	356	0	388	
275	421	518	388	0	
Velocidade_Veiculos
1	1	