M: 4
N: 4
Nun_Veiculos: 3
Capacidade_Total: 53
Demanda_Total: 27
Setup_Min: 1
Setup_Max: 9
Raio: 20
Circulos: 1
Tempo_Processamento_Min: 1
Tempo_Processamento_Max: 49
Demanda_Min: 10
Demanda_Max: 30
Priority_Factor: 0.2
Range_Factor_R: 0.8
U_factor: 2
ALpha: 0.2Replicao: 0
Tempos_Processamentos
0	0	1	0	2	0	3	0	
0	3	1	26	2	1	3	3	
0	11	1	5	2	45	3	8	
0	10	1	3	2	31	3	46	
0	44	1	17	2	12	3	4	

Tempos_setup
M0
0	0	0	0	0	
0	0	8	3	5	
0	2	0	2	4	
0	1	8	0	2	
0	2	7	1	0	
M1
0	0	0	0	0	
0	0	1	5	6	
0	4	0	4	6	
0	7	8	0	9	
0	1	2	1	0	
M2
0	0	0	0	0	
0	0	5	6	4	
0	8	0	3	4	
0	5	4	0	1	
0	9	3	6	0	
M3
0	0	0	0	0	
0	0	3	3	2	
0	4	0	5	6	
0	6	4	0	2	
0	9	6	5	0	
Tamanho_Tarefas
0	8	7	7	5	
Data_Entrega
0	45	47	46	47	
Penalidade_Atraso
0	10	4	13	7	
Capacidade_Veiculo
22	13	18	
Custo_Fixo_Veiculo
220	130	180	
Coordenadas_Clientes
x	0	y	0
x	18	y	0
x	0	y	24
x	-20	y	0
x	0	y	-16
Tempo_Viagem
0	18	24	20	16	
18	0	30	38	24	
24	30	0	31	40	
20	38	31	0	25	
16	24	40	25	0	
Custo_Viagem
V0
0	79	105	88	70	
79	0	132	167	105	
105	132	0	136	176	
88	167	136	0	110	
70	105	176	110	0	
V1
0	46	62	52	41	
46	0	78	98	62	
62	78	0	80	104	
52	98	80	0	65	
41	62	104	65	0	
V2
0	64	86	72	57	
64	0	108	136	86	
86	108	0	111	144	
72	136	111	0	90	
57	86	144	90	0	
Velocidade_Veiculos
1	1	1	