M: 3
N: 5
Nun_Veiculos: 4
Capacidade_Total: 184
Demanda_Total: 109
Setup_Min: 1
Setup_Max: 9
Raio: 20
Circulos: 1
Tempo_Processamento_Min: 1
Tempo_Processamento_Max: 49
Demanda_Min: 10
Demanda_Max: 30
Priority_Factor: 0.2
Range_Factor_R: 0.8
U_factor: 2
ALpha: 0.2Replicao: 1
Tempos_Processamentos
0	0	1	0	2	0	
0	27	1	8	2	16	
0	35	1	35	2	45	
0	9	1	47	2	45	
0	43	1	31	2	25	
0	33	1	29	2	6	

Tempos_setup
M0
0	0	0	0	0	0	
0	0	6	6	5	7	
0	3	0	4	2	1	
0	2	4	0	1	1	
0	2	4	6	0	3	
0	4	3	3	4	0	
M1
0	0	0	0	0	0	
0	0	9	6	2	1	
0	8	0	5	8	8	
0	4	7	0	4	3	
0	9	9	9	0	7	
0	6	9	5	1	0	
M2
0	0	0	0	0	0	
0	0	5	4	2	1	
0	5	0	4	7	1	
0	2	4	0	4	2	
0	7	7	5	0	6	
0	5	7	3	6	0	
Tamanho_Tarefas
0	17	35	11	33	13	
Data_Entrega
0	55	68	49	64	49	
Penalidade_Atraso
0	16	13	3	15	5	
Capacidade_Veiculo
39	43	60	42	
Custo_Fixo_Veiculo
390	430	600	420	
Coordenadas_Clientes
x	0	y	0
x	22	y	0
x	5	y	17
x	-14	y	10
x	-12	y	-8
x	7	y	-22
Tempo_Viagem
0	22	17	17	14	23	
22	0	24	37	34	26	
17	24	0	20	30	39	
17	37	20	0	18	38	
14	34	30	18	0	23	
23	26	39	38	23	0	
Custo_Viagem
V0
0	171	132	132	109	179	
171	0	187	288	265	202	
132	187	0	156	234	304	
132	288	156	0	140	296	
109	265	234	140	0	179	
179	202	304	296	179	0	
V1
0	189	146	146	120	197	
189	0	206	318	292	223	
146	206	0	172	258	335	
146	318	172	0	154	326	
120	292	258	154	0	197	
197	223	335	326	197	0	
V2
0	264	204	204	168	276	
264	0	288	444	408	312	
204	288	0	240	360	468	
204	444	240	0	216	456	
168	408	360	216	0	276	
276	312	468	456	276	0	
V3
0	184	142	142	117	193	
184	0	201	310	285	218	
142	201	0	168	252	327	
142	310	168	0	151	319	
117	285	252	151	0	193	
193	218	327	319	193	0	
Velocidade_Veiculos
1	1	1	1	