M: 4
N: 5
Nun_Veiculos: 4
Capacidade_Total: 187
Demanda_Total: 106
Setup_Min: 1
Setup_Max: 9
Raio: 20
Circulos: 1
Tempo_Processamento_Min: 1
Tempo_Processamento_Max: 49
Demanda_Min: 10
Demanda_Max: 30
Priority_Factor: 0.2
Range_Factor_R: 0.8
U_factor: 2
ALpha: 0.2Replicao: 1
Tempos_Processamentos
0	0	1	0	2	0	3	0	
0	27	1	21	2	38	3	29	
0	26	1	12	2	23	3	32	
0	25	1	35	2	13	3	14	
0	34	1	15	2	32	3	30	
0	5	1	44	2	30	3	49	

Tempos_setup
M0
0	0	0	0	0	0	
0	0	8	4	2	3	
0	2	0	3	2	5	
0	2	6	0	4	3	
0	5	7	8	0	3	
0	4	5	8	4	0	
M1
0	0	0	0	0	0	
0	0	4	3	4	2	
0	3	0	6	3	5	
0	3	7	0	1	5	
0	3	7	5	0	4	
0	4	5	1	2	0	
M2
0	0	0	0	0	0	
0	0	5	4	7	4	
0	6	0	5	3	4	
0	5	7	0	9	6	
0	6	2	2	0	1	
0	6	1	1	3	0	
M3
0	0	0	0	0	0	
0	0	7	4	2	1	
0	5	0	3	1	4	
0	6	6	0	4	7	
0	8	5	2	0	3	
0	9	7	4	2	0	
Tamanho_Tarefas
0	21	19	20	23	23	
Data_Entrega
0	48	56	59	55	48	
Penalidade_Atraso
0	16	5	8	8	15	
Capacidade_Veiculo
40	37	52	58	
Custo_Fixo_Veiculo
400	370	520	580	
Coordenadas_Clientes
x	0	y	0
x	21	y	0
x	5	y	17
x	-14	y	10
x	-19	y	-14
x	6	y	-19
Tempo_Viagem
0	21	17	17	23	19	
21	0	23	36	42	24	
17	23	0	20	39	36	
17	36	20	0	24	35	
23	42	39	24	0	25	
19	24	36	35	25	0	
Custo_Viagem
V0
0	168	136	136	184	152	
168	0	184	288	336	192	
136	184	0	160	312	288	
136	288	160	0	192	280	
184	336	312	192	0	200	
152	192	288	280	200	0	
V1
0	155	125	125	170	140	
155	0	170	266	310	177	
125	170	0	148	288	266	
125	266	148	0	177	259	
170	310	288	177	0	185	
140	177	266	259	185	0	
V2
0	218	176	176	239	197	
218	0	239	374	436	249	
176	239	0	208	405	374	
176	374	208	0	249	364	
239	436	405	249	0	260	
197	249	374	364	260	0	
V3
0	243	197	197	266	220	
243	0	266	417	487	278	
197	266	0	232	452	417	
197	417	232	0	278	406	
266	487	452	278	0	290	
220	278	417	406	290	0	
Velocidade_Veiculos
1	1	1	1	