M: 2
N: 6
Nun_Veiculos: 3
Capacidade_Total: 279
Demanda_Total: 140
Setup_Min: 1
Setup_Max: 9
Raio: 20
Circulos: 1
Tempo_Processamento_Min: 1
Tempo_Processamento_Max: 49
Demanda_Min: 10
Demanda_Max: 30
Priority_Factor: 0.2
Range_Factor_R: 0.8
U_factor: 2
ALpha: 0.2Replicao: 1
Tempos_Processamentos
0	0	1	0	
0	4	1	17	
0	14	1	21	
0	49	1	28	
0	26	1	39	
0	28	1	35	
0	37	1	26	

Tempos_setup
M0
0	0	0	0	0	0	0	
0	0	3	4	5	6	1	
0	5	0	7	6	9	6	
0	2	5	0	1	4	3	
0	1	4	5	0	3	2	
0	4	7	4	3	0	5	
0	4	2	3	4	7	0	
M1
0	0	0	0	0	0	0	
0	0	4	1	5	2	3	
0	1	0	2	4	3	1	
0	4	3	0	5	1	2	
0	2	6	3	0	4	5	
0	3	2	4	6	0	1	
0	4	6	4	7	5	0	
Tamanho_Tarefas
0	5	14	35	30	30	26	
Data_Entrega
0	87	111	89	109	69	86	
Penalidade_Atraso
0	17	9	16	14	3	13	
Capacidade_Veiculo
85	89	105	
Custo_Fixo_Veiculo
850	890	1050	
Coordenadas_Clientes
x	0	y	0
x	24	y	0
x	11	y	19
x	-7	y	13
x	-16	y	0
x	-9	y	-15
x	9	y	-16
Tempo_Viagem
0	24	21	14	16	17	18	
24	0	23	33	40	36	21	
21	23	0	18	33	38	35	
14	33	18	0	15	28	32	
16	40	33	15	0	16	29	
17	36	38	28	16	0	18	
18	21	35	32	29	18	0	
Custo_Viagem
V0
0	408	357	238	272	289	306	
408	0	391	561	680	612	357	
357	391	0	306	561	663	595	
238	561	306	0	255	476	561	
272	680	561	255	0	272	493	
289	612	663	476	272	0	306	
306	357	595	561	493	306	0	
V1
0	427	373	249	284	302	320	
427	0	409	587	712	640	373	
373	409	0	320	587	694	623	
249	587	320	0	267	498	587	
284	712	587	267	0	284	516	
302	640	694	498	284	0	320	
320	373	623	587	516	320	0	
V2
0	504	441	294	336	357	378	
504	0	483	693	840	756	441	
441	483	0	378	693	819	735	
294	693	378	0	315	588	693	
336	840	693	315	0	336	609	
357	756	819	588	336	0	378	
378	441	735	693	609	378	0	
Velocidade_Veiculos
1	1	1	