M: 3
N: 6
Nun_Veiculos: 3
Capacidade_Total: 232
Demanda_Total: 115
Setup_Min: 1
Setup_Max: 9
Raio: 20
Circulos: 1
Tempo_Processamento_Min: 1
Tempo_Processamento_Max: 49
Demanda_Min: 10
Demanda_Max: 30
Priority_Factor: 0.2
Range_Factor_R: 0.8
U_factor: 2
ALpha: 0.2Replicao: 0
Tempos_Processamentos
0	0	1	0	2	0	
0	42	1	10	2	27	
0	11	1	10	2	25	
0	11	1	40	2	24	
0	49	1	21	2	49	
0	27	1	38	2	8	
0	30	1	33	2	29	

Tempos_setup
M0
0	0	0	0	0	0	0	
0	0	7	6	6	5	7	
0	7	0	8	6	5	4	
0	3	2	0	3	6	4	
0	1	5	3	0	3	1	
0	2	2	3	1	0	2	
0	3	7	5	2	5	0	
M1
0	0	0	0	0	0	0	
0	0	4	2	4	7	7	
0	4	0	6	7	8	5	
0	3	3	0	7	9	8	
0	4	6	3	0	4	3	
0	6	8	5	2	0	5	
0	1	5	3	2	3	0	
M2
0	0	0	0	0	0	0	
0	0	4	4	4	5	3	
0	2	0	1	6	4	5	
0	1	5	0	5	6	4	
0	4	5	6	0	6	4	
0	3	4	5	6	0	5	
0	3	1	2	1	2	0	
Tamanho_Tarefas
0	11	12	15	33	14	30	
Data_Entrega
0	66	49	49	68	63	69	
Penalidade_Atraso
0	16	2	5	12	13	20	
Capacidade_Veiculo
56	77	99	
Custo_Fixo_Veiculo
560	770	990	
Coordenadas_Clientes
x	0	y	0
x	18	y	0
x	11	y	20
x	-8	y	15
x	-22	y	0
x	-7	y	-13
x	11	y	-19
Tempo_Viagem
0	18	22	17	22	14	21	
18	0	21	30	40	28	20	
22	21	0	19	38	36	39	
17	30	19	0	20	28	38	
22	40	38	20	0	19	37	
14	28	36	28	19	0	18	
21	20	39	38	37	18	0	
Custo_Viagem
V0
0	201	246	190	246	156	235	
201	0	235	336	448	313	224	
246	235	0	212	425	414	436	
190	336	212	0	224	313	425	
246	448	425	224	0	212	425	
156	313	414	313	212	0	201	
235	224	436	425	425	201	0	
V1
0	277	338	261	338	215	323	
277	0	323	462	616	431	308	
338	323	0	292	585	569	600	
261	462	292	0	308	431	585	
338	616	585	308	0	292	585	
215	431	569	431	292	0	277	
323	308	600	585	585	277	0	
V2
0	356	435	336	435	277	415	
356	0	415	594	792	554	396	
435	415	0	376	752	732	772	
336	594	376	0	396	554	752	
435	792	752	396	0	376	752	
277	554	732	554	376	0	356	
415	396	772	752	752	356	0	
Velocidade_Veiculos
1	1	1	