M: 4
N: 6
Nun_Veiculos: 3
Capacidade_Total: 272
Demanda_Total: 149
Setup_Min: 1
Setup_Max: 9
Raio: 20
Circulos: 1
Tempo_Processamento_Min: 1
Tempo_Processamento_Max: 49
Demanda_Min: 10
Demanda_Max: 30
Priority_Factor: 0.2
Range_Factor_R: 0.8
U_factor: 2
ALpha: 0.2Replicao: 1
Tempos_Processamentos
0	0	1	0	2	0	3	0	
0	6	1	27	2	12	3	28	
0	26	1	34	2	47	3	25	
0	49	1	28	2	43	3	13	
0	30	1	39	2	26	3	29	
0	48	1	23	2	45	3	44	
0	11	1	31	2	33	3	49	

Tempos_setup
M0
0	0	0	0	0	0	0	
0	0	2	1	1	3	3	
0	4	0	5	3	1	2	
0	4	4	0	3	5	2	
0	5	1	4	0	2	3	
0	3	1	4	2	0	1	
0	2	2	3	1	3	0	
M1
0	0	0	0	0	0	0	
0	0	7	3	2	3	2	
0	7	0	1	7	5	6	
0	7	6	0	6	4	6	
0	4	7	7	0	6	6	
0	3	5	6	3	0	4	
0	4	6	6	4	1	0	
M2
0	0	0	0	0	0	0	
0	0	5	7	4	6	7	
0	3	0	2	7	6	4	
0	1	6	0	5	4	2	
0	2	1	3	0	2	3	
0	2	5	2	5	0	4	
0	3	4	6	7	5	0	
M3
0	0	0	0	0	0	0	
0	0	7	3	7	5	3	
0	8	0	9	7	6	7	
0	4	5	0	9	7	5	
0	8	4	7	0	2	7	
0	9	2	8	2	0	5	
0	7	7	3	5	6	0	
Tamanho_Tarefas
0	8	27	30	30	37	17	
Data_Entrega
0	55	47	58	61	50	55	
Penalidade_Atraso
0	14	13	15	13	19	16	
Capacidade_Veiculo
75	101	96	
Custo_Fixo_Veiculo
750	1010	960	
Coordenadas_Clientes
x	0	y	0
x	17	y	0
x	10	y	18
x	-10	y	18
x	-15	y	0
x	-10	y	-17
x	10	y	-18
Tempo_Viagem
0	17	20	20	15	19	20	
17	0	19	32	32	31	19	
20	19	0	20	30	39	36	
20	32	20	0	18	35	40	
15	32	30	18	0	17	30	
19	31	39	35	17	0	20	
20	19	36	40	30	20	0	
Custo_Viagem
V0
0	255	300	300	225	285	300	
255	0	285	480	480	465	285	
300	285	0	300	450	600	540	
300	480	300	0	270	525	615	
225	480	450	270	0	255	450	
285	465	600	525	255	0	300	
300	285	540	615	450	300	0	
V1
0	343	404	404	303	383	404	
343	0	383	646	646	626	383	
404	383	0	404	606	808	727	
404	646	404	0	363	707	828	
303	646	606	363	0	343	606	
383	626	808	707	343	0	404	
404	383	727	828	606	404	0	
V2
0	326	384	384	288	364	384	
326	0	364	614	614	595	364	
384	364	0	384	576	768	691	
384	614	384	0	345	672	787	
288	614	576	345	0	326	576	
364	595	768	672	326	0	384	
384	364	691	787	576	384	0	
Velocidade_Veiculos
1	1	1	