M: 2
N: 7
Nun_Veiculos: 4
Capacidade_Total: 261
Demanda_Total: 124
Setup_Min: 1
Setup_Max: 9
Raio: 20
Circulos: 1
Tempo_Processamento_Min: 1
Tempo_Processamento_Max: 49
Demanda_Min: 10
Demanda_Max: 30
Priority_Factor: 0.2
Range_Factor_R: 0.8
U_factor: 2
ALpha: 0.2Replicao: 0
Tempos_Processamentos
0	0	1	0	
0	18	1	20	
0	10	1	6	
0	23	1	27	
0	2	1	7	
0	45	1	14	
0	24	1	41	
0	21	1	14	

Tempos_setup
M0
0	0	0	0	0	0	0	0	
0	0	8	2	4	5	3	3	
0	4	0	6	5	7	5	3	
0	2	6	0	5	4	5	1	
0	2	6	2	0	2	1	3	
0	4	9	4	3	0	2	5	
0	6	9	6	5	2	0	6	
0	2	7	4	4	5	4	0	
M1
0	0	0	0	0	0	0	0	
0	0	2	1	2	2	3	1	
0	3	0	4	5	5	1	4	
0	1	1	0	3	3	2	2	
0	6	3	7	0	8	4	7	
0	2	2	1	1	0	3	3	
0	9	8	8	8	7	0	7	
0	3	3	2	1	1	4	0	
Tamanho_Tarefas
0	18	6	24	2	27	31	16	
Data_Entrega
0	77	88	64	77	62	69	76	
Penalidade_Atraso
0	7	7	18	6	15	20	6	
Capacidade_Veiculo
54	51	73	83	
Custo_Fixo_Veiculo
540	510	730	830	
Coordenadas_Clientes
x	0	y	0
x	20	y	0
x	12	y	16
x	-4	y	18
x	-22	y	10
x	-19	y	-9
x	-4	y	-19
x	10	y	-13
Tempo_Viagem
0	20	20	18	24	21	19	16	
20	0	17	30	43	40	30	16	
20	17	0	16	34	39	38	29	
18	30	16	0	19	30	37	34	
24	43	34	19	0	19	34	39	
21	40	39	30	19	0	18	29	
19	30	38	37	34	18	0	15	
16	16	29	34	39	29	15	0	
Custo_Viagem
V0
0	216	216	194	259	226	205	172	
216	0	183	324	464	432	324	172	
216	183	0	172	367	421	410	313	
194	324	172	0	205	324	399	367	
259	464	367	205	0	205	367	421	
226	432	421	324	205	0	194	313	
205	324	410	399	367	194	0	162	
172	172	313	367	421	313	162	0	
V1
0	204	204	183	244	214	193	163	
204	0	173	306	438	408	306	163	
204	173	0	163	346	397	387	295	
183	306	163	0	193	306	377	346	
244	438	346	193	0	193	346	397	
214	408	397	306	193	0	183	295	
193	306	387	377	346	183	0	153	
163	163	295	346	397	295	153	0	
V2
0	292	292	262	350	306	277	233	
292	0	248	438	627	584	438	233	
292	248	0	233	496	569	554	423	
262	438	233	0	277	438	540	496	
350	627	496	277	0	277	496	569	
306	584	569	438	277	0	262	423	
277	438	554	540	496	262	0	219	
233	233	423	496	569	423	219	0	
V3
0	332	332	298	398	348	315	265	
332	0	282	498	713	664	498	265	
332	282	0	265	564	647	630	481	
298	498	265	0	315	498	614	564	
398	713	564	315	0	315	564	647	
348	664	647	498	315	0	298	481	
315	498	630	614	564	298	0	249	
265	265	481	564	647	481	249	0	
Velocidade_Veiculos
1	1	1	1	