M: 2
N: 7
Nun_Veiculos: 3
Capacidade_Total: 218
Demanda_Total: 139
Setup_Min: 1
Setup_Max: 9
Raio: 20
Circulos: 1
Tempo_Processamento_Min: 1
Tempo_Processamento_Max: 49
Demanda_Min: 10
Demanda_Max: 30
Priority_Factor: 0.2
Range_Factor_R: 0.8
U_factor: 2
ALpha: 0.2Replicao: 1
Tempos_Processamentos
0	0	1	0	
0	20	1	46	
0	6	1	3	
0	1	1	23	
0	21	1	39	
0	35	1	20	
0	33	1	21	
0	28	1	40	

Tempos_setup
M0
0	0	0	0	0	0	0	0	
0	0	5	6	3	5	6	1	
0	1	0	3	2	2	6	2	
0	5	4	0	4	2	3	1	
0	4	3	6	0	5	7	5	
0	5	5	1	5	0	4	1	
0	2	1	4	3	3	0	2	
0	4	4	5	6	4	8	0	
M1
0	0	0	0	0	0	0	0	
0	0	1	4	5	4	2	6	
0	3	0	6	6	3	5	7	
0	2	1	0	4	4	4	8	
0	3	1	1	0	4	5	4	
0	5	4	4	3	0	2	4	
0	4	3	2	3	6	0	4	
0	5	3	3	2	6	7	0	
Tamanho_Tarefas
0	31	3	4	23	25	24	29	
Data_Entrega
0	88	57	88	74	77	104	75	
Penalidade_Atraso
0	11	4	9	4	8	12	10	
Capacidade_Veiculo
85	81	52	
Custo_Fixo_Veiculo
850	810	520	
Coordenadas_Clientes
x	0	y	0
x	22	y	0
x	10	y	13
x	-3	y	16
x	-18	y	8
x	-15	y	-7
x	-4	y	-17
x	13	y	-16
Tempo_Viagem
0	22	16	16	19	16	17	20	
22	0	17	29	40	37	31	18	
16	17	0	13	28	32	33	29	
16	29	13	0	17	25	33	35	
19	40	28	17	0	15	28	39	
16	37	32	25	15	0	14	29	
17	31	33	33	28	14	0	17	
20	18	29	35	39	29	17	0	
Custo_Viagem
V0
0	374	272	272	323	272	289	340	
374	0	289	493	680	629	527	306	
272	289	0	221	476	544	561	493	
272	493	221	0	289	425	561	595	
323	680	476	289	0	255	476	663	
272	629	544	425	255	0	238	493	
289	527	561	561	476	238	0	289	
340	306	493	595	663	493	289	0	
V1
0	356	259	259	307	259	275	324	
356	0	275	469	648	599	502	291	
259	275	0	210	453	518	534	469	
259	469	210	0	275	405	534	567	
307	648	453	275	0	243	453	631	
259	599	518	405	243	0	226	469	
275	502	534	534	453	226	0	275	
324	291	469	567	631	469	275	0	
V2
0	228	166	166	197	166	176	208	
228	0	176	301	416	384	322	187	
166	176	0	135	291	332	343	301	
166	301	135	0	176	260	343	364	
197	416	291	176	0	156	291	405	
166	384	332	260	156	0	145	301	
176	322	343	343	291	145	0	176	
208	187	301	364	405	301	176	0	
Velocidade_Veiculos
1	1	1	