M: 3
N: 7
Nun_Veiculos: 3
Capacidade_Total: 265
Demanda_Total: 158
Setup_Min: 1
Setup_Max: 9
Raio: 20
Circulos: 1
Tempo_Processamento_Min: 1
Tempo_Processamento_Max: 49
Demanda_Min: 10
Demanda_Max: 30
Priority_Factor: 0.2
Range_Factor_R: 0.8
U_factor: 2
ALpha: 0.2Replicao: 0
Tempos_Processamentos
0	0	1	0	2	0	
0	6	1	17	2	23	
0	28	1	20	2	19	
0	8	1	34	2	36	
0	14	1	36	2	23	
0	46	1	33	2	45	
0	12	1	23	2	24	
0	46	1	5	2	44	

Tempos_setup
M0
0	0	0	0	0	0	0	0	
0	0	2	4	1	2	3	2	
0	3	0	4	3	4	2	1	
0	1	3	0	2	2	2	1	
0	4	1	5	0	5	3	2	
0	3	4	2	4	0	1	3	
0	3	3	2	3	2	0	3	
0	4	4	3	4	3	1	0	
M1
0	0	0	0	0	0	0	0	
0	0	6	4	3	3	1	7	
0	5	0	7	3	6	6	2	
0	4	5	0	3	5	4	5	
0	6	3	4	0	3	4	5	
0	4	6	1	4	0	3	6	
0	2	5	3	5	2	0	6	
0	3	4	5	1	4	4	0	
M2
0	0	0	0	0	0	0	0	
0	0	6	4	4	3	2	1	
0	3	0	7	5	5	5	4	
0	2	2	0	1	4	3	3	
0	1	4	4	0	3	2	2	
0	1	5	4	3	0	3	2	
0	2	4	2	2	1	0	3	
0	3	5	3	3	2	1	0	
Tamanho_Tarefas
0	11	19	26	23	41	16	22	
Data_Entrega
0	52	72	63	50	48	70	47	
Penalidade_Atraso
0	4	20	8	4	4	13	1	
Capacidade_Veiculo
100	116	49	
Custo_Fixo_Veiculo
1000	1160	490	
Coordenadas_Clientes
x	0	y	0
x	16	y	0
x	15	y	18
x	-4	y	20
x	-22	y	10
x	-14	y	-6
x	-4	y	-20
x	9	y	-12
Tempo_Viagem
0	16	23	20	24	15	20	15	
16	0	18	28	39	30	28	13	
23	18	0	19	37	37	42	30	
20	28	19	0	20	27	40	34	
24	39	37	20	0	17	34	38	
15	30	37	27	17	0	17	23	
20	28	42	40	34	17	0	15	
15	13	30	34	38	23	15	0	
Custo_Viagem
V0
0	320	460	400	480	300	400	300	
320	0	360	560	780	600	560	260	
460	360	0	380	740	740	840	600	
400	560	380	0	400	540	800	680	
480	780	740	400	0	340	680	760	
300	600	740	540	340	0	340	460	
400	560	840	800	680	340	0	300	
300	260	600	680	760	460	300	0	
V1
0	371	533	464	556	348	464	348	
371	0	417	649	904	696	649	301	
533	417	0	440	858	858	974	696	
464	649	440	0	464	626	928	788	
556	904	858	464	0	394	788	881	
348	696	858	626	394	0	394	533	
464	649	974	928	788	394	0	348	
348	301	696	788	881	533	348	0	
V2
0	156	225	196	235	147	196	147	
156	0	176	274	382	294	274	127	
225	176	0	186	362	362	411	294	
196	274	186	0	196	264	392	333	
235	382	362	196	0	166	333	372	
147	294	362	264	166	0	166	225	
196	274	411	392	333	166	0	147	
147	127	294	333	372	225	147	0	
Velocidade_Veiculos
1	1	1	