M: 3
N: 7
Nun_Veiculos: 5
Capacidade_Total: 163
Demanda_Total: 104
Setup_Min: 1
Setup_Max: 9
Raio: 20
Circulos: 1
Tempo_Processamento_Min: 1
Tempo_Processamento_Max: 49
Demanda_Min: 10
Demanda_Max: 30
Priority_Factor: 0.2
Range_Factor_R: 0.8
U_factor: 2
ALpha: 0.2Replicao: 1
Tempos_Processamentos
0	0	1	0	2	0	
0	3	1	2	2	5	
0	33	1	49	2	15	
0	18	1	21	2	36	
0	11	1	24	2	7	
0	1	1	8	2	19	
0	3	1	25	2	44	
0	10	1	37	2	46	

Tempos_setup
M0
0	0	0	0	0	0	0	0	
0	0	3	2	5	7	2	5	
0	7	0	4	3	6	5	2	
0	9	5	0	3	8	8	5	
0	6	3	3	0	7	6	5	
0	3	2	2	3	0	1	3	
0	2	1	4	3	5	0	3	
0	7	1	5	4	4	5	0	
M1
0	0	0	0	0	0	0	0	
0	0	2	2	4	5	3	1	
0	4	0	3	3	6	4	2	
0	1	3	0	2	4	1	2	
0	2	2	1	0	3	2	2	
0	6	2	5	5	0	6	4	
0	3	2	2	1	4	0	1	
0	2	1	1	3	4	2	0	
M2
0	0	0	0	0	0	0	0	
0	0	3	2	3	3	4	4	
0	5	0	7	1	7	6	4	
0	4	6	0	7	1	2	3	
0	7	4	7	0	7	5	3	
0	4	6	2	7	0	2	2	
0	2	5	4	5	5	0	4	
0	5	7	4	8	5	6	0	
Tamanho_Tarefas
0	3	22	22	7	4	24	22	
Data_Entrega
0	47	41	49	46	42	51	53	
Penalidade_Atraso
0	13	1	19	15	10	3	16	
Capacidade_Veiculo
26	53	28	29	27	
Custo_Fixo_Veiculo
260	530	280	290	270	
Coordenadas_Clientes
x	0	y	0
x	15	y	0
x	13	y	16
x	-4	y	18
x	-18	y	8
x	-14	y	-7
x	-5	y	-22
x	13	y	-17
Tempo_Viagem
0	15	20	18	19	15	22	21	
15	0	16	26	33	29	29	17	
20	16	0	17	32	35	42	33	
18	26	17	0	17	26	40	38	
19	33	32	17	0	15	32	39	
15	29	35	26	15	0	17	28	
22	29	42	40	32	17	0	18	
21	17	33	38	39	28	18	0	
Custo_Viagem
V0
0	78	104	93	98	78	114	109	
78	0	83	135	171	150	150	88	
104	83	0	88	166	182	218	171	
93	135	88	0	88	135	208	197	
98	171	166	88	0	78	166	202	
78	150	182	135	78	0	88	145	
114	150	218	208	166	88	0	93	
109	88	171	197	202	145	93	0	
V1
0	159	212	190	201	159	233	222	
159	0	169	275	349	307	307	180	
212	169	0	180	339	371	445	349	
190	275	180	0	180	275	424	402	
201	349	339	180	0	159	339	413	
159	307	371	275	159	0	180	296	
233	307	445	424	339	180	0	190	
222	180	349	402	413	296	190	0	
V2
0	84	112	100	106	84	123	117	
84	0	89	145	184	162	162	95	
112	89	0	95	179	196	235	184	
100	145	95	0	95	145	224	212	
106	184	179	95	0	84	179	218	
84	162	196	145	84	0	95	156	
123	162	235	224	179	95	0	100	
117	95	184	212	218	156	100	0	
V3
0	87	116	104	110	87	127	121	
87	0	92	150	191	168	168	98	
116	92	0	98	185	203	243	191	
104	150	98	0	98	150	232	220	
110	191	185	98	0	87	185	226	
87	168	203	150	87	0	98	162	
127	168	243	232	185	98	0	104	
121	98	191	220	226	162	104	0	
V4
0	81	108	97	102	81	118	113	
81	0	86	140	178	156	156	91	
108	86	0	91	172	189	226	178	
97	140	91	0	91	140	216	205	
102	178	172	91	0	81	172	210	
81	156	189	140	81	0	91	151	
118	156	226	216	172	91	0	97	
113	91	178	205	210	151	97	0	
Velocidade_Veiculos
1	1	1	1	1	