M: 4
N: 7
Nun_Veiculos: 4
Capacidade_Total: 203
Demanda_Total: 130
Setup_Min: 1
Setup_Max: 9
Raio: 20
Circulos: 1
Tempo_Processamento_Min: 1
Tempo_Processamento_Max: 49
Demanda_Min: 10
Demanda_Max: 30
Priority_Factor: 0.2
Range_Factor_R: 0.8
U_factor: 2
ALpha: 0.2Replicao: 1
Tempos_Processamentos
0	0	1	0	2	0	3	0	
0	44	1	11	2	25	3	2	
0	18	1	37	2	28	3	21	
0	46	1	38	2	7	3	20	
0	44	1	38	2	20	3	27	
0	36	1	6	2	3	3	19	
0	10	1	4	2	4	3	6	
0	28	1	43	2	31	3	22	

Tempos_setup
M0
0	0	0	0	0	0	0	0	
0	0	6	6	6	4	5	3	
0	5	0	5	6	6	7	6	
0	6	3	0	7	5	2	3	
0	4	4	4	0	2	3	1	
0	2	6	8	5	0	5	4	
0	6	1	6	6	6	0	1	
0	6	3	7	7	5	2	0	
M1
0	0	0	0	0	0	0	0	
0	0	4	3	4	4	5	4	
0	4	0	7	2	1	2	1	
0	1	2	0	4	3	4	1	
0	5	1	8	0	2	3	2	
0	3	1	6	1	0	1	2	
0	2	6	5	6	5	0	6	
0	5	1	6	3	2	3	0	
M2
0	0	0	0	0	0	0	0	
0	0	4	5	1	2	5	2	
0	1	0	5	2	3	2	3	
0	3	2	0	2	3	1	5	
0	2	4	4	0	1	5	3	
0	3	3	5	1	0	5	2	
0	2	1	6	3	4	0	4	
0	1	4	6	2	3	3	0	
M3
0	0	0	0	0	0	0	0	
0	0	2	3	2	5	2	3	
0	7	0	1	5	5	2	6	
0	6	2	0	7	4	1	6	
0	3	5	3	0	7	4	1	
0	4	3	1	6	0	2	2	
0	7	1	2	6	3	0	5	
0	2	4	3	4	7	4	0	
Tamanho_Tarefas
0	16	26	24	20	9	4	31	
Data_Entrega
0	53	54	45	46	45	52	49	
Penalidade_Atraso
0	17	19	10	2	15	18	18	
Capacidade_Veiculo
41	93	35	34	
Custo_Fixo_Veiculo
410	930	350	340	
Coordenadas_Clientes
x	0	y	0
x	23	y	0
x	12	y	15
x	-5	y	22
x	-22	y	10
x	-22	y	-10
x	-3	y	-15
x	13	y	-16
Tempo_Viagem
0	23	19	22	24	24	15	20	
23	0	18	35	46	46	30	18	
19	18	0	18	34	42	33	31	
22	35	18	0	20	36	37	42	
24	46	34	20	0	20	31	43	
24	46	42	36	20	0	19	35	
15	30	33	37	31	19	0	16	
20	18	31	42	43	35	16	0	
Custo_Viagem
V0
0	188	155	180	196	196	123	164	
188	0	147	287	377	377	246	147	
155	147	0	147	278	344	270	254	
180	287	147	0	164	295	303	344	
196	377	278	164	0	164	254	352	
196	377	344	295	164	0	155	287	
123	246	270	303	254	155	0	131	
164	147	254	344	352	287	131	0	
V1
0	427	353	409	446	446	279	372	
427	0	334	651	855	855	558	334	
353	334	0	334	632	781	613	576	
409	651	334	0	372	669	688	781	
446	855	632	372	0	372	576	799	
446	855	781	669	372	0	353	651	
279	558	613	688	576	353	0	297	
372	334	576	781	799	651	297	0	
V2
0	161	133	154	168	168	105	140	
161	0	126	245	322	322	210	126	
133	126	0	126	238	294	231	217	
154	245	126	0	140	252	259	294	
168	322	238	140	0	140	217	301	
168	322	294	252	140	0	133	245	
105	210	231	259	217	133	0	112	
140	126	217	294	301	245	112	0	
V3
0	156	129	149	163	163	102	136	
156	0	122	238	312	312	204	122	
129	122	0	122	231	285	224	210	
149	238	122	0	136	244	251	285	
163	312	231	136	0	136	210	292	
163	312	285	244	136	0	129	238	
102	204	224	251	210	129	0	108	
136	122	210	285	292	238	108	0	
Velocidade_Veiculos
1	1	1	1	