M: 4
N: 7
Nun_Veiculos: 3
Capacidade_Total: 200
Demanda_Total: 132
Setup_Min: 1
Setup_Max: 9
Raio: 20
Circulos: 1
Tempo_Processamento_Min: 1
Tempo_Processamento_Max: 49
Demanda_Min: 10
Demanda_Max: 30
Priority_Factor: 0.2
Range_Factor_R: 0.8
U_factor: 2
ALpha: 0.2Replicao: 0
Tempos_Processamentos
0	0	1	0	2	0	3	0	
0	18	1	37	2	27	3	1	
0	46	1	49	2	44	3	25	
0	42	1	21	2	7	3	49	
0	27	1	32	2	21	3	16	
0	14	1	9	2	17	3	37	
0	49	1	47	2	41	3	17	
0	22	1	5	2	17	3	25	

Tempos_setup
M0
0	0	0	0	0	0	0	0	
0	0	5	4	2	4	5	3	
0	4	0	5	5	2	1	6	
0	3	8	0	1	3	4	6	
0	5	9	2	0	2	4	5	
0	6	7	5	6	0	2	4	
0	7	7	4	5	5	0	8	
0	3	8	5	3	5	7	0	
M1
0	0	0	0	0	0	0	0	
0	0	4	2	2	1	5	3	
0	4	0	3	4	5	2	4	
0	3	5	0	1	4	4	1	
0	5	5	2	0	6	3	3	
0	4	6	2	2	0	5	2	
0	2	6	4	3	3	0	5	
0	2	4	4	4	3	6	0	
M2
0	0	0	0	0	0	0	0	
0	0	6	5	5	8	5	9	
0	3	0	2	6	6	1	5	
0	2	2	0	7	4	3	7	
0	3	4	6	0	6	5	6	
0	3	5	4	6	0	6	5	
0	2	1	1	7	5	0	6	
0	3	2	2	1	4	1	0	
M3
0	0	0	0	0	0	0	0	
0	0	5	2	4	1	3	3	
0	6	0	3	7	6	6	6	
0	4	7	0	4	3	5	5	
0	3	6	3	0	2	4	4	
0	1	4	1	3	0	2	2	
0	3	8	5	4	4	0	4	
0	4	5	3	1	3	4	0	
Tamanho_Tarefas
0	16	35	8	24	18	18	13	
Data_Entrega
0	55	57	51	52	50	57	51	
Penalidade_Atraso
0	2	2	19	10	12	17	4	
Capacidade_Veiculo
67	84	49	
Custo_Fixo_Veiculo
670	840	490	
Coordenadas_Clientes
x	0	y	0
x	22	y	0
x	13	y	16
x	-3	y	16
x	-16	y	7
x	-21	y	-10
x	-4	y	-19
x	14	y	-17
Tempo_Viagem
0	22	20	16	17	23	19	22	
22	0	18	29	38	44	32	18	
20	18	0	16	30	42	38	33	
16	29	16	0	15	31	35	37	
17	38	30	15	0	17	28	38	
23	44	42	31	17	0	19	35	
19	32	38	35	28	19	0	18	
22	18	33	37	38	35	18	0	
Custo_Viagem
V0
0	294	268	214	227	308	254	294	
294	0	241	388	509	589	428	241	
268	241	0	214	402	562	509	442	
214	388	214	0	201	415	469	495	
227	509	402	201	0	227	375	509	
308	589	562	415	227	0	254	469	
254	428	509	469	375	254	0	241	
294	241	442	495	509	469	241	0	
V1
0	369	336	268	285	386	319	369	
369	0	302	487	638	739	537	302	
336	302	0	268	504	705	638	554	
268	487	268	0	252	520	588	621	
285	638	504	252	0	285	470	638	
386	739	705	520	285	0	319	588	
319	537	638	588	470	319	0	302	
369	302	554	621	638	588	302	0	
V2
0	215	196	156	166	225	186	215	
215	0	176	284	372	431	313	176	
196	176	0	156	294	411	372	323	
156	284	156	0	147	303	343	362	
166	372	294	147	0	166	274	372	
225	431	411	303	166	0	186	343	
186	313	372	343	274	186	0	176	
215	176	323	362	372	343	176	0	
Velocidade_Veiculos
1	1	1	